%YAML:1.0
---
calibration_time: "2019年10月20日 星期日 16时15分02秒"
nframes: 29
image_width: 640
image_height: 360
board_width: 9
board_height: 6
square_size: 2.4229999631643295e-02
flags: 0
camera_matrix: !!opencv-matrix
   rows: 3
   cols: 3
   dt: d
   data: [ 4.6529642823584396e+02, 0., 3.1625983723653587e+02, 0.,
       4.6519277059587472e+02, 1.8693544142604057e+02, 0., 0., 1. ]
distortion_coefficients: !!opencv-matrix
   rows: 5
   cols: 1
   dt: d
   data: [ 1.1418063715365592e-01, -2.0755236025250082e-01,
       -1.2815428835996480e-03, -1.0685257589356800e-03, 0. ]
avg_reprojection_error: 5.7923583121591593e-01
per_view_reprojection_errors: !!opencv-matrix
   rows: 29
   cols: 1
   dt: f
   data: [ 2.01768145e-01, 1.51501179e-01, 1.19574033e-01,
       1.94359744e+00, 2.05071211e-01, 1.64550066e+00, 1.59212911e+00,
       2.65765190e-01, 1.96308404e-01, 1.68260604e-01, 1.64218038e-01,
       1.17250435e-01, 1.06232867e-01, 1.53525501e-01, 1.55776322e-01,
       1.18635640e-01, 1.06833853e-01, 1.29247352e-01, 1.01173632e-01,
       1.73227668e-01, 1.30050749e-01, 1.68484509e-01, 1.45657346e-01,
       1.63402662e-01, 1.91259071e-01, 1.64748520e-01, 1.54264048e-01,
       2.06020087e-01, 2.16431662e-01 ]
extrinsic_parameters: !!opencv-matrix
   rows: 29
   cols: 6
   dt: d
   data: [ -3.8872670725672981e-01, -3.6627453925723519e-01,
       -1.6436330884204034e-03, -7.2334878266284916e-02,
       -7.5045142846892871e-02, 3.3460375687035243e-01,
       -1.7683165864252468e-01, -5.3004330685931224e-02,
       -2.4664213064644242e-02, 1.6462139659446961e-03,
       -1.1197138586492458e-01, 5.5962632505372167e-01,
       -1.3308246519074685e-01, -9.3899524725248762e-02,
       2.2864755255333558e-01, 1.4084004893485219e-02,
       -1.3820647951264495e-01, 5.5462880064004128e-01,
       -1.0805458596123969e+00, -8.0640136385032105e-02,
       -1.1733870102783981e+00, 1.7536189282628449e-02,
       5.8482747998911538e-02, 4.1331183722228815e-01,
       -8.4049600824332216e-01, -3.6921464679234101e-01,
       -1.2627901648685453e+00, 7.2506047743832874e-03,
       7.6754341014189043e-02, 4.0121904979411133e-01,
       -8.1978568450345835e-01, -4.3252137208772451e-01,
       -1.1530685376726322e+00, -3.9999698587992245e-02,
       5.7960667502716431e-02, 4.0517662866220649e-01,
       -7.6077461865113816e-01, -5.3834857954146076e-01,
       -1.1719363561503529e+00, -3.0160860820642926e-02,
       5.2927680967542676e-02, 3.5457323136034635e-01,
       -9.1511750849049955e-01, -4.3575301083885609e-01,
       -1.1767723667835333e+00, -4.4988511895568080e-02,
       4.7435214952846333e-02, 2.8999711540730494e-01,
       5.6708918887806425e-01, -5.8869534001749391e-01,
       -2.9102109589177108e+00, 1.5125177856650404e-01,
       1.0290344154406124e-01, 4.0491708682212502e-01,
       5.5537522949500229e-01, -5.6521958621910817e-01,
       -2.8119988190461087e+00, 1.1755209094879070e-01,
       9.3435795587246739e-02, 3.9833209833301769e-01,
       -3.3914254490083340e-01, 7.5319047642624121e-02,
       1.5528615817965202e-02, -6.4180144919687238e-02,
       -5.4824007668065583e-02, 3.9320125108878062e-01,
       -2.8547751114329245e-01, -2.8857914120363842e-01,
       -2.8800013421775281e+00, 1.9375868428113480e-01,
       8.2295864204836880e-02, 4.0978899306127298e-01,
       -2.2265877639892842e-01, -2.6709328409095995e-01,
       -2.8067269862811681e+00, 1.4075419221652388e-01,
       9.6764634898773336e-02, 4.1854598885965166e-01,
       5.3215277803524574e-01, -2.5514633863813146e-01,
       -2.7227383413019632e+00, 8.0110281049465659e-02,
       1.0643597907751141e-01, 4.8229374717746309e-01,
       8.8972493571752431e-01, -3.0435515786336126e-01,
       -2.6851887587200349e+00, 6.5972773803638002e-02,
       1.0530667201522716e-01, 5.0766858766750922e-01,
       -2.7486911013435261e-01, -2.1733087223894920e-01,
       -2.7911584958206488e+00, 1.9368311058262103e-02,
       1.1004242316140575e-01, 4.2338488274944919e-01,
       7.4066709208200937e-02, -2.6902892115770521e-01,
       -2.7261730658563077e+00, 8.7725308226213917e-03,
       9.7555240462231949e-02, 4.3908164523660831e-01,
       -2.6470793962215600e-01, -4.6100705539416553e-01,
       2.3234556787562419e-01, -9.9028307620018768e-02,
       -7.6337206344708974e-02, 4.7854280728813353e-01,
       -2.5934534011958288e-01, -1.8282117299036935e-01,
       1.7945302813708180e-01, -9.1473408174573695e-02,
       -5.6054247640905601e-02, 4.8091804371665192e-01,
       -3.1778231540893059e-01, -6.2510481652681882e-01,
       3.8781066768094868e-01, -6.3873325324132174e-02,
       -8.8585703311886435e-02, 4.5213213520985396e-01,
       -1.9780897910849071e-01, 4.2250580435739782e-01,
       3.2450084590018979e-01, -4.9324074838670795e-02,
       -6.4226524198910617e-02, 5.1783481972978518e-01,
       -2.7237826643000562e-01, -1.8946615668276798e-01,
       3.7777157608638645e-02, -4.5012759736006026e-02,
       -5.9521237504824548e-02, 3.7188053164970863e-01,
       -2.1694230887719385e-01, -1.7533486135297538e-01,
       6.1343307533846536e-02, -8.7903802747757762e-02,
       -5.6586426828143938e-02, 3.9609000046080983e-01,
       -2.0031205889034540e-01, -2.8356843140777793e-01,
       5.3331175296884553e-02, -1.1003508235167038e-01,
       -6.8252240519543997e-02, 3.8519292162832069e-01,
       -1.9035542913653566e-01, 1.0810504482365903e-01,
       -1.8829002301083538e-02, 1.0090235953301553e-02,
       -5.8090720527433581e-02, 4.1632106420201409e-01,
       -1.5580997307535646e-01, 1.9701394707026310e-01,
       1.6028514062456686e-02, 1.5397376659865942e-02,
       -8.4960381464853324e-02, 4.5034354195461257e-01,
       -1.3529974919363158e-01, 2.0180821918689182e-01,
       4.2159338924481267e-02, 4.1637935351717857e-02,
       -7.2849855249073947e-02, 4.5054756940648599e-01,
       -4.5177696017266183e-01, 2.6256437389361131e-01,
       1.0393676120161596e-01, -2.0360980896755278e-02,
       -6.8575042382528109e-02, 4.2461593404798309e-01,
       -5.1395896911032413e-01, 1.5161435410681270e-01,
       2.4180847380811811e-02, -7.7461367739729892e-02,
       -5.9849990252304960e-02, 3.8747602454715158e-01 ]
